virtual-construction probes (-virtual-construction-opt 0, best of 5 runs)
probe               N     value          us   allocs   String   List  plans      strBytes  listElems planExt planMat  copy ratio
str_append       1000      2000        94.3     1000     1000      0      0       1001000          0       0       0  
str_append       2000      4000       356.2     2000     2000      0      0       4002000          0       0       0  4.00x
str_append       4000      8000      1403.3     4000     4000      0      0      16004000          0       0       0  4.00x
str_append       8000     16000      3785.4     8000     8000      0      0      64008000          0       0       0  4.00x
str_append      16000     32000     14239.7    16000    16000      0      0     256016000          0       0       0  4.00x
str_prepend      1000      2000        81.6     1000     1000      0      0       1001000          0       0       0  
str_prepend      2000      4000       354.9     2000     2000      0      0       4002000          0       0       0  4.00x
str_prepend      4000      8000      1581.3     4000     4000      0      0      16004000          0       0       0  4.00x
str_prepend      8000     16000      2674.2     8000     8000      0      0      64008000          0       0       0  4.00x
str_prepend     16000     32000      8453.9    16000    16000      0      0     256016000          0       0       0  4.00x
str_helper       1000      3000       293.9     3001     3000      1      0       1506500         10       0       0  
str_helper       2000      6000       715.6     6001     6000      1      0       6013000         10       0       0  3.99x
str_helper       4000     12000      1842.5    12001    12000      1      0      24026000         10       0       0  4.00x
str_helper       8000     24000      4876.1    24001    24000      1      0      96052000         10       0       0  4.00x
str_helper      16000     48000     18046.6    48001    48000      1      0     384104000         10       0       0  4.00x
str_chain3       1000      4000       462.9     4001     4000      1      0       2011000         10       0       0  
str_chain3       2000      8000       954.1     8001     8000      1      0       8022000         10       0       0  3.99x
str_chain3       4000     16000      2322.4    16001    16000      1      0      32044000         10       0       0  3.99x
str_chain3       8000     32000      6713.1    32001    32000      1      0     128088000         10       0       0  4.00x
str_chain3      16000     64000     17963.0    64001    64000      1      0     512176000         10       0       0  4.00x
str_bind         1000      2000       267.2     2000     2000      0      0       2001000          0       0       0  
str_bind         2000      4000       678.3     4000     4000      0      0       8002000          0       0       0  4.00x
str_bind         4000      8000      2164.4     8000     8000      0      0      32004000          0       0       0  4.00x
str_bind         8000     16000      5571.6    16000    16000      0      0     128008000          0       0       0  4.00x
str_bind        16000     32000     16619.5    32000    32000      0      0     512016000          0       0       0  4.00x
str_branch       1000      2000       181.1     1500     1500      0      0       1501500          0       0       0  
str_branch       2000      4000       597.8     3000     3000      0      0       6003000          0       0       0  4.00x
str_branch       4000      8000      1586.9     6000     6000      0      0      24006000          0       0       0  4.00x
str_branch       8000     16000      3800.1    12000    12000      0      0      96012000          0       0       0  4.00x
str_branch      16000     32000     12075.6    24000    24000      0      0     384024000          0       0       0  4.00x
list_append      1000      1000       203.9     1001        0   1001      0             0     499500       0       0  
list_append      2000      2000       676.2     2001        0   2001      0             0    1999000       0       0  4.00x
list_append      4000      4000      2811.1     4001        0   4001      0             0    7998000       0       0  4.00x
list_append      8000      8000     15198.7     8001        0   8001      0             0   31996000       0       0  4.00x
list_append     16000     16000     83985.9    16001        0  16001      0             0  127992000       0       0  4.00x
list_append2     1000      1000       207.2     1001        0   1001      0             0     499500       0       0  
list_append2     2000      2000       679.3     2001        0   2001      0             0    1999000       0       0  4.00x
list_append2     4000      4000      3024.7     4001        0   4001      0             0    7998000       0       0  4.00x
list_append2     8000      8000     16383.0     8001        0   8001      0             0   31996000       0       0  4.00x
list_append2    16000     16000     89994.8    16001        0  16001      0             0  127992000       0       0  4.00x
