virtual-construction probes (-virtual-construction-opt 1, best of 5 runs)
probe               N     value          us   allocs   String   List  plans      strBytes  listElems planExt planMat  copy ratio
str_append       1000      2000        40.4        2        1      0      1          7528          0     999       1  
str_append       2000      4000        85.8        2        1      0      1         15108          0    1999       1  2.01x
str_append       4000      8000       147.8        2        1      0      1         30272          0    3999       1  2.00x
str_append       8000     16000       392.0        2        1      0      1         60604          0    7999       1  2.00x
str_append      16000     32000       586.1        2        1      0      1        121272          0   15999       1  2.00x
str_prepend      1000      2000        36.5        2        1      0      1          7538          0     999       1  
str_prepend      2000      4000        72.1        2        1      0      1         15118          0    1999       1  2.01x
str_prepend      4000      8000       145.9        2        1      0      1         30282          0    3999       1  2.00x
str_prepend      8000     16000       285.2        2        1      0      1         60614          0    7999       1  2.00x
str_prepend     16000     32000       756.8        2        1      0      1        121282          0   15999       1  2.00x
str_helper       1000      3000       136.3     1002        1      1   1000         12765         10    1000       1  
str_helper       2000      6000       276.3     2002        1      1   2000         25599         10    2000       1  2.00x
str_helper       4000     12000       538.5     4002        1      1   4000         51273         10    4000       1  2.00x
str_helper       8000     24000      1174.0     8002        1      1   8000        102627         10    8000       1  2.00x
str_helper      16000     48000      2454.4    16002        1      1  16000        205341         10   16000       1  2.00x
str_chain3       1000      4000       207.3     1002        1      1   1000         16004         10    3000       1  
str_chain3       2000      8000       397.9     2002        1      1   2000         32092         10    6000       1  2.00x
str_chain3       4000     16000       851.0     4002        1      1   4000         64276         10   12000       1  2.00x
str_chain3       8000     32000      1653.6     8002        1      1   8000        128652         10   24000       1  2.00x
str_chain3      16000     64000      3596.7    16002        1      1  16000        257412         10   48000       1  2.00x
str_bind         1000      2000        40.5        2        1      0      1          7528          0     999       1  
str_bind         2000      4000        80.3        2        1      0      1         15108          0    1999       1  2.01x
str_bind         4000      8000       158.3        2        1      0      1         30272          0    3999       1  2.00x
str_bind         8000     16000       316.6        2        1      0      1         60604          0    7999       1  2.00x
str_bind        16000     32000       630.3        2        1      0      1        121272          0   15999       1  2.00x
str_branch       1000      2000        40.7        2        1      0      1          7528          0     999       1  
str_branch       2000      4000        80.1        2        1      0      1         15108          0    1999       1  2.01x
str_branch       4000      8000       159.9        2        1      0      1         30272          0    3999       1  2.00x
str_branch       8000     16000       322.9        2        1      0      1         60604          0    7999       1  2.00x
str_branch      16000     32000       603.1        2        1      0      1        121272          0   15999       1  2.00x
list_append      1000      1000        29.8        3        0      2      1             0       2020     999       1  
list_append      2000      2000        59.2        3        0      2      1             0       4044    1999       1  2.00x
list_append      4000      4000       117.9        3        0      2      1             0       8092    3999       1  2.00x
list_append      8000      8000       311.5        3        0      2      1             0      16188    7999       1  2.00x
list_append     16000     16000       489.8        3        0      2      1             0      32380   15999       1  2.00x
list_append2     1000      1000        16.0        3        0      2      1             0       2020     499       1  
list_append2     2000      2000        30.5        3        0      2      1             0       4044     999       1  2.00x
list_append2     4000      4000        60.6        3        0      2      1             0       8092    1999       1  2.00x
list_append2     8000      8000       121.0        3        0      2      1             0      16188    3999       1  2.00x
list_append2    16000     16000       242.3        3        0      2      1             0      32380    7999       1  2.00x
