virtual-construction probes (-virtual-construction-opt default, best of 3 runs)
probe               N     value          us   allocs   String   List  plans      strBytes  listElems planExt planMat  copy ratio
str_append       1000      2000        93.9     1000     1000      0      0       1001000          0       0       0  
str_append       2000      4000       355.2     2000     2000      0      0       4002000          0       0       0  4.00x
str_append       4000      8000      2205.0     4000     4000      0      0      16004000          0       0       0  4.00x
str_append       8000     16000      6934.1     8000     8000      0      0      64008000          0       0       0  4.00x
str_append      16000     32000     16473.3    16000    16000      0      0     256016000          0       0       0  4.00x
str_prepend      1000      2000        79.8     1000     1000      0      0       1001000          0       0       0  
str_prepend      2000      4000       470.9     2000     2000      0      0       4002000          0       0       0  4.00x
str_prepend      4000      8000      1189.6     4000     4000      0      0      16004000          0       0       0  4.00x
str_prepend      8000     16000      3767.6     8000     8000      0      0      64008000          0       0       0  4.00x
str_prepend     16000     32000     15390.4    16000    16000      0      0     256016000          0       0       0  4.00x
str_helper       1000      3000       304.6     3001     3000      1      0       1506500         10       0       0  
str_helper       2000      6000       766.6     6001     6000      1      0       6013000         10       0       0  3.99x
str_helper       4000     12000      1836.1    12001    12000      1      0      24026000         10       0       0  4.00x
str_helper       8000     24000      4498.3    24001    24000      1      0      96052000         10       0       0  4.00x
str_helper      16000     48000     17816.3    48001    48000      1      0     384104000         10       0       0  4.00x
str_chain3       1000      4000       452.9     4001     4000      1      0       2011000         10       0       0  
str_chain3       2000      8000      1017.6     8001     8000      1      0       8022000         10       0       0  3.99x
str_chain3       4000     16000      2494.1    16001    16000      1      0      32044000         10       0       0  3.99x
str_chain3       8000     32000      8919.2    32001    32000      1      0     128088000         10       0       0  4.00x
str_chain3      16000     64000     30112.8    64001    64000      1      0     512176000         10       0       0  4.00x
str_bind         1000      2000       312.2     2000     2000      0      0       2001000          0       0       0  
str_bind         2000      4000       761.9     4000     4000      0      0       8002000          0       0       0  4.00x
str_bind         4000      8000      2335.5     8000     8000      0      0      32004000          0       0       0  4.00x
str_bind         8000     16000      5752.6    16000    16000      0      0     128008000          0       0       0  4.00x
str_bind        16000     32000     17009.6    32000    32000      0      0     512016000          0       0       0  4.00x
str_branch       1000      2000       376.3     1500     1500      0      0       1501500          0       0       0  
str_branch       2000      4000       575.9     3000     3000      0      0       6003000          0       0       0  4.00x
str_branch       4000      8000      1538.4     6000     6000      0      0      24006000          0       0       0  4.00x
str_branch       8000     16000      3973.6    12000    12000      0      0      96012000          0       0       0  4.00x
str_branch      16000     32000     12250.0    24000    24000      0      0     384024000          0       0       0  4.00x
list_append      1000      1000       211.4     1001        0   1001      0             0     499500       0       0  
list_append      2000      2000       693.8     2001        0   2001      0             0    1999000       0       0  4.00x
list_append      4000      4000      3092.8     4001        0   4001      0             0    7998000       0       0  4.00x
list_append      8000      8000     16029.9     8001        0   8001      0             0   31996000       0       0  4.00x
list_append     16000     16000     83784.5    16001        0  16001      0             0  127992000       0       0  4.00x
list_append2     1000      1000       462.3     1001        0   1001      0             0     499500       0       0  
list_append2     2000      2000       696.5     2001        0   2001      0             0    1999000       0       0  4.00x
list_append2     4000      4000      2803.1     4001        0   4001      0             0    7998000       0       0  4.00x
list_append2     8000      8000     17632.2     8001        0   8001      0             0   31996000       0       0  4.00x
list_append2    16000     16000     95767.6    16001        0  16001      0             0  127992000       0       0  4.00x
