program | prepare | specialize | range | plan | nir off | nir on | total off | total on (ms, median of 5)
fib              |      0.1 |      1.2 |     12.2 |      0.2 |     15.7 |     15.5 |     19.7 |     19.9
lex-strategy     |      0.3 |     11.0 |     16.9 |      2.3 |     49.0 |     49.3 |     59.8 |     58.3
loop-count       |      0.1 |      2.1 |      2.8 |      0.2 |      8.5 |      8.7 |     13.3 |     13.7
refined-checks   |    188.8 |     44.9 |     61.3 |     12.9 |    353.2 |    359.4 |    384.1 |    397.6
source-checks    |      0.4 |      6.5 |      4.5 |      1.1 |     22.5 |     22.8 |     29.9 |     30.5
sum-refined      |      0.1 |      2.1 |      2.3 |      0.3 |      8.6 |      8.1 |     12.3 |     12.2
test-selection   |      0.5 |     10.8 |      9.0 |      2.6 |     43.6 |     43.5 |     51.3 |     54.2
uri-steady       |      1.1 |     30.7 |     31.1 |      8.8 |    113.7 |    121.1 |    125.9 |    131.2
ai_text_clean    |      0.4 |     13.2 |     13.0 |      2.5 |     40.0 |     45.1 |     47.7 |     53.4
csv              |      0.4 |     15.6 |     14.7 |      4.1 |     60.9 |     59.9 |     68.3 |     71.6
csv_chunked      |      0.8 |     40.3 |     45.3 |     10.4 |    164.1 |    178.4 |    183.1 |    192.5
csv_geometric    |      0.7 |     27.1 |     36.5 |      8.7 |    112.2 |    117.3 |    127.6 |    132.5
csv_records      |      2.4 |    155.2 |    185.6 |     60.1 |    793.0 |    837.9 |    826.7 |    854.8
hashtable        |      1.7 |     74.0 |     88.1 |     24.3 |    352.9 |    336.3 |    354.6 |    351.3
matmul           |      0.3 |     10.9 |     20.9 |      1.8 |     53.5 |     53.8 |     61.6 |     67.5
string_replace   |      0.4 |      8.1 |      9.1 |      2.2 |     30.5 |     30.7 |     35.3 |     36.4
string_reverse   |      0.1 |      3.1 |      2.5 |      1.2 |     11.0 |     13.5 |     19.5 |     19.3
TOTAL            |    198.6 |    456.8 |    555.7 |    143.8 |   2232.8 |   2301.5 |   2420.7 |   2496.9
