program | prepare | specialize | range | plan | nir off | nir on | total off | total on (ms, median of 5)
fib              |      0.1 |      1.2 |     19.9 |      0.3 |     22.6 |     22.9 |     25.7 |     28.8
lex-strategy     |      0.3 |     11.8 |     20.0 |      2.1 |     59.6 |     55.0 |     70.3 |     65.5
loop-count       |      0.1 |      2.3 |      3.0 |      0.3 |      9.0 |     10.3 |     16.9 |     14.9
refined-checks   |    194.1 |     53.0 |     85.1 |     13.9 |    436.7 |    488.1 |    401.2 |    498.8
source-checks    |      0.3 |      6.7 |      4.9 |      1.2 |     23.2 |     22.4 |     31.6 |     31.5
sum-refined      |      0.1 |      2.2 |      2.1 |      0.3 |      8.3 |      7.7 |     11.9 |     11.9
test-selection   |      0.4 |     10.3 |      8.2 |      2.3 |     40.9 |     41.5 |     51.9 |     53.5
uri-steady       |      1.0 |     29.0 |     29.8 |      8.4 |    114.8 |    122.5 |    129.5 |    139.1
ai_text_clean    |      0.4 |     11.6 |     12.7 |      2.3 |     41.2 |     42.7 |     47.5 |     50.1
csv              |      0.4 |     15.8 |     12.8 |      3.9 |     56.0 |     61.1 |     66.3 |     69.0
csv_chunked      |      0.8 |     48.4 |     46.9 |     10.2 |    190.4 |    174.6 |    194.7 |    187.8
csv_geometric    |      0.7 |     25.0 |     33.2 |      8.0 |    109.8 |    116.6 |    120.5 |    127.5
csv_records      |      2.7 |    170.8 |    193.1 |     58.9 |    870.7 |    882.3 |    889.3 |    922.9
hashtable        |      1.5 |     71.9 |     88.2 |     22.0 |    329.0 |    321.9 |    326.9 |    336.1
matmul           |      0.4 |     10.6 |     20.1 |      1.9 |     53.8 |     51.3 |     60.4 |     61.2
string_replace   |      0.3 |      6.1 |      6.3 |      1.6 |     21.6 |     22.9 |     27.8 |     29.1
string_reverse   |      0.1 |      2.6 |      2.0 |      0.8 |      9.5 |     10.4 |     15.2 |     14.8
TOTAL            |    204.0 |    479.4 |    588.2 |    138.3 |   2397.1 |   2454.2 |   2487.6 |   2642.3
