program | prepare | specialize | range | plan | nir off | nir on | total off | total on (ms, median of 5)
fib              |      0.1 |      1.3 |     13.2 |      0.2 |     17.0 |     17.3 |     21.2 |     21.4
lex-strategy     |      0.3 |     10.7 |     16.5 |      2.3 |     47.3 |     47.5 |     56.5 |     58.1
loop-count       |      0.1 |      2.2 |      3.0 |      0.3 |      8.7 |      8.7 |     13.1 |     12.7
refined-checks   |    182.7 |     47.0 |     67.8 |     14.3 |    373.1 |    366.0 |    375.2 |    467.9
source-checks    |      0.4 |      7.6 |      4.8 |      1.2 |     24.8 |     25.0 |     33.9 |     34.9
sum-refined      |      0.1 |      2.2 |      2.3 |      0.3 |      8.2 |      8.4 |     12.3 |     12.2
test-selection   |      0.6 |     12.5 |     10.4 |      3.1 |     48.8 |     48.1 |     55.6 |     65.5
uri-steady       |      1.1 |     32.2 |     31.5 |      8.9 |    123.8 |    127.8 |    135.2 |    146.4
ai_text_clean    |      0.4 |     12.6 |     13.7 |      2.4 |     41.9 |     42.1 |     48.3 |     49.1
csv              |      0.4 |     15.1 |     12.7 |      3.9 |     55.3 |     57.9 |     63.5 |     69.1
csv_chunked      |      0.7 |     44.0 |     48.2 |     10.7 |    169.7 |    177.2 |    186.1 |    188.0
csv_geometric    |      0.7 |     25.1 |     33.0 |      8.2 |    108.1 |    111.7 |    122.7 |    129.3
csv_records      |      2.5 |    156.0 |    180.4 |     57.6 |    800.2 |    827.8 |    794.4 |    850.6
hashtable        |      1.7 |     74.2 |     90.2 |     24.7 |    321.3 |    321.6 |    346.6 |    351.2
matmul           |      0.3 |     13.0 |     21.1 |      1.9 |     58.2 |     57.5 |     62.4 |     77.0
string_replace   |      0.3 |      6.8 |      6.8 |      1.7 |     25.3 |     25.5 |     29.8 |     32.3
string_reverse   |      0.1 |      2.7 |      2.0 |      0.6 |      9.0 |      9.6 |     13.2 |     14.1
TOTAL            |    192.6 |    465.1 |    557.8 |    142.3 |   2240.8 |   2279.6 |   2370.1 |   2579.9
