program | prepare | specialize | range | plan | nir off | nir on | total off | total on (ms, median of 5)
fib              |      0.1 |      1.8 |     18.7 |      0.2 |     22.2 |     20.1 |     24.6 |     24.2
lex-strategy     |      0.4 |     12.2 |     19.9 |      2.3 |     57.1 |     56.6 |     66.3 |     68.5
loop-count       |      0.1 |      2.6 |      3.6 |      0.2 |     10.7 |     10.9 |     14.3 |     14.5
refined-checks   |    183.6 |     44.7 |     68.5 |     13.3 |    381.5 |    402.6 |    411.8 |    418.7
source-checks    |      0.3 |      7.8 |      5.3 |      1.2 |     24.8 |     25.0 |     33.5 |     34.9
sum-refined      |      0.1 |      2.3 |      2.5 |      0.3 |      8.8 |      9.0 |     13.1 |     12.8
test-selection   |      0.3 |     11.7 |      9.5 |      2.4 |     45.1 |     47.6 |     55.2 |     58.3
uri-steady       |      1.0 |     31.6 |     33.7 |      7.7 |    119.3 |    124.5 |    134.3 |    136.9
ai_text_clean    |      0.4 |     12.4 |     13.9 |      2.5 |     43.6 |     44.7 |     50.4 |     53.6
csv              |      0.4 |     17.4 |     14.0 |      4.4 |     61.1 |     64.9 |     74.6 |     76.2
csv_chunked      |      0.7 |     47.7 |     51.3 |     10.3 |    179.3 |    183.8 |    193.3 |    208.1
csv_geometric    |      0.6 |     28.1 |     38.9 |      8.8 |    121.4 |    127.4 |    134.9 |    143.0
csv_records      |      3.1 |    167.3 |    204.0 |     59.7 |    815.9 |    837.7 |    820.0 |    882.5
hashtable        |      2.1 |     77.5 |     98.4 |     21.8 |    328.6 |    345.7 |    354.1 |    378.0
matmul           |      0.3 |     13.6 |     23.8 |      1.8 |     60.9 |     64.9 |     70.7 |     70.5
string_replace   |      0.3 |      7.4 |      7.8 |      2.3 |     25.9 |     28.3 |     32.5 |     35.7
string_reverse   |      0.1 |      2.9 |      2.4 |      0.9 |     11.1 |     12.3 |     15.7 |     16.2
TOTAL            |    193.8 |    489.1 |    616.3 |    140.2 |   2317.3 |   2406.1 |   2499.2 |   2632.6
