program                before    after    delta   per-run before | after
fib                       6.4      6.2    -3.9%   7 6 6 8 | 8 7 5 5
lex-strategy             61.7     64.2    +4.0%   60 59 64 63 | 66 81 62 62
loop-count               10.4     11.3    +8.7%   10 10 11 10 | 12 11 12 10
refined-checks           15.8     16.8    +6.3%   16 16 16 15 | 18 22 15 15
source-checks            36.0     36.7    +1.7%   37 38 36 35 | 38 44 35 35
sum-refined               8.9     11.6   +30.3%   9 9 9 8 | 10 15 9 14
test-selection           61.2     55.6    -9.0%   77 55 60 62 | 53 69 55 56
uri-steady              217.0    225.1    +3.7%   216 222 209 218 | 226 238 224 198
ai_text_clean            51.0     55.7    +9.2%   51 52 49 51 | 66 52 60 50
csv                      77.8     87.8   +12.9%   74 76 80 81 | 91 87 84 89
csv_chunked             117.2    138.2   +18.0%   109 126 114 121 | 109 142 135 141
csv_geometric           107.3    143.2   +33.4%   102 113 98 125 | 142 139 144 160
csv_records             472.8    547.3   +15.8%   467 528 478 444 | 544 551 512 569
hashtable               321.1    337.9    +5.2%   311 378 331 300 | 323 378 312 353
matmul                   70.5     68.2    -3.2%   69 78 68 72 | 66 71 65 74
string_replace           49.5     47.6    -3.8%   44 58 49 50 | 47 50 49 46
string_reverse           15.9     16.2    +1.6%   14 19 18 14 | 17 17 16 14
total                  1685.8   1862.6   +10.5%   1673 1842 1694 1678 | 1834 1974 1793 1891
